data,model,emsize,nhid,nlayers,lr,clip,epochs,dropout,seed,cuda,log_interval,save,summary,condition,run,ignore_speaker,epoch,train_loss,val_loss,val_acc,val_prec,val_recall,val_f,epoch_time
data/seame,LSTM,500,64,2,0.1,5,40,0.2,0,True,5,results/include_speaker/0-0.pt,results/include_speaker/summary.txt,0,0,False,1,0.5710713935968204,0.5805221796035767,0.9135305256981303,0.9087878507269191,0.9391387559808613,0.9237140571321003,23.786924600601196
data/seame,LSTM,500,64,2,0.1,5,40,0.2,0,True,5,results/include_speaker/0-0.pt,results/include_speaker/summary.txt,0,0,False,2,0.3147181952610994,0.5001621842384338,0.9208512673362028,0.9051399354144241,0.9589451176051319,0.9312660067834152,22.764322757720947
data/seame,LSTM,500,64,2,0.1,5,40,0.2,0,True,5,results/include_speaker/0-0.pt,results/include_speaker/summary.txt,0,0,False,3,0.24783305651866472,0.3561047315597534,0.9223939954069345,0.9890471630356715,0.8645947784230629,0.922643142290835,22.763466119766235
data/seame,LSTM,500,64,2,0.1,5,40,0.2,0,True,5,results/include_speaker/0-0.pt,results/include_speaker/summary.txt,0,0,False,4,0.21020517631983146,0.32052871584892273,0.9347777654004679,0.9783013019218847,0.8986797825524204,0.9368017701980679,22.785491943359375
data/seame,LSTM,500,64,2,0.1,5,40,0.2,0,True,5,results/include_speaker/0-0.pt,results/include_speaker/summary.txt,0,0,False,5,0.1895998756472881,0.3163985013961792,0.9244425863991081,0.9793522267206478,0.8779488774822419,0.9258823851053941,22.773850679397583
data/seame,LSTM,500,64,2,0.1,5,40,0.2,0,True,5,results/include_speaker/0-0.pt,results/include_speaker/summary.txt,0,0,False,6,0.1871789609774565,0.3253496587276459,0.9399750588887349,0.9695392953929539,0.9177098296737123,0.9429128670075378,22.692211389541626
data/seame,LSTM,500,64,2,0.1,5,40,0.2,0,True,5,results/include_speaker/0-0.pt,results/include_speaker/summary.txt,0,0,False,7,0.18176136108545157,0.31192097067832947,0.9457092819614711,0.9754460631854641,0.9224458204334365,0.9482059034131592,22.552185535430908
data/seame,LSTM,500,64,2,0.1,5,40,0.2,0,True,5,results/include_speaker/0-0.pt,results/include_speaker/summary.txt,0,0,False,8,0.1791820541406289,0.36615949869155884,0.9381988432938584,0.9586811571376069,0.9261043769336106,0.94211123723042,22.61679220199585
data/seame,LSTM,500,64,2,0.1,5,40,0.2,0,True,5,results/include_speaker/0-0.pt,results/include_speaker/summary.txt,0,0,False,9,0.17500379566962904,0.31035518646240234,0.9435772312640364,0.9706374480487937,0.9234363767074047,0.9464487776637456,22.714987993240356
data/seame,LSTM,500,64,2,0.1,5,40,0.2,0,True,5,results/include_speaker/0-0.pt,results/include_speaker/summary.txt,0,0,False,10,0.17399878742603156,0.30943235754966736,0.9424913074672995,0.9623505871202148,0.9303130567574447,0.9460606688062948,22.700873136520386
data/seame,LSTM,500,64,2,0.1,5,40,0.2,0,True,5,results/include_speaker/0-0.pt,results/include_speaker/summary.txt,0,0,False,11,0.16996275815062034,0.29886168241500854,0.9454495235464715,0.9641071522551444,0.934070976952886,0.9488514230958486,22.6396164894104
data/seame,LSTM,500,64,2,0.1,5,40,0.2,0,True,5,results/include_speaker/0-0.pt,results/include_speaker/summary.txt,0,0,False,12,0.17190922481509355,0.2993803322315216,0.9431302070272228,0.979651970867849,0.9131944444444444,0.945256551243194,22.60760998725891
data/seame,LSTM,500,64,2,0.1,5,40,0.2,0,True,5,results/include_speaker/0-0.pt,results/include_speaker/summary.txt,0,0,False,13,0.16814216904533216,0.31232911348342896,0.944788498755875,0.9657200381477165,0.9310415283240537,0.9480637694728357,22.624242544174194
data/seame,LSTM,500,64,2,0.1,5,40,0.2,0,True,5,results/include_speaker/0-0.pt,results/include_speaker/summary.txt,0,0,False,14,0.17141089655267885,0.30520370602607727,0.9415539126795927,0.9819111285882816,0.9079056721379597,0.9434593690119558,22.556320905685425
data/seame,LSTM,500,64,2,0.1,5,40,0.2,0,True,5,results/include_speaker/0-0.pt,results/include_speaker/summary.txt,0,0,False,15,0.1716603140036265,0.30158278346061707,0.9452685280173011,0.9707338067570476,0.9265687583444593,0.9481372497504073,22.54456353187561
data/seame,LSTM,500,64,2,0.1,5,40,0.2,0,True,5,results/include_speaker/0-0.pt,results/include_speaker/summary.txt,0,0,False,16,0.1698940005631019,0.32124945521354675,0.9425919275078045,0.9642894987813924,0.9283819628647215,0.945995114091169,22.551697969436646
data/seame,LSTM,500,64,2,0.1,5,40,0.2,0,True,5,results/include_speaker/0-0.pt,results/include_speaker/summary.txt,0,0,False,17,0.16902092404854605,0.301999568939209,0.943733303650935,0.9772414173141566,0.9168174533422944,0.9460656174979996,22.514298677444458
data/seame,LSTM,500,64,2,0.1,5,40,0.2,0,True,5,results/include_speaker/0-0.pt,results/include_speaker/summary.txt,0,0,False,18,0.17045768684683701,0.30428141355514526,0.9441577896138482,0.9716093445814407,0.9235158057054742,0.9469523282472924,22.50358247756958
data/seame,LSTM,500,64,2,0.1,5,40,0.2,0,True,5,results/include_speaker/0-0.pt,results/include_speaker/summary.txt,0,0,False,19,0.17091553438550386,0.3030226528644562,0.9422749951222231,0.9802466380224318,0.9109624559220079,0.9443354387851096,22.529855012893677
data/seame,LSTM,500,64,2,0.1,5,40,0.2,0,True,5,results/include_speaker/0-0.pt,results/include_speaker/summary.txt,0,0,False,20,0.16835073706431267,0.3142235577106476,0.9431350335718826,0.9646111464293282,0.929074395346464,0.9465093309767635,22.549094915390015
data/seame,LSTM,500,64,2,0.1,5,40,0.2,0,True,5,results/include_speaker/0-0.pt,results/include_speaker/summary.txt,0,0,False,21,0.1689483364805197,0.3487812578678131,0.9421307772819919,0.9591719678798624,0.9331405671384365,0.9459772183795736,22.530049562454224
data/seame,LSTM,500,64,2,0.1,5,40,0.2,0,True,5,results/include_speaker/0-0.pt,results/include_speaker/summary.txt,0,0,False,22,0.1676831251153579,0.3173886239528656,0.9422322858562987,0.9634604198614563,0.928596911472402,0.9457074639260873,22.517187356948853
data/seame,LSTM,500,64,2,0.1,5,40,0.2,0,True,5,results/include_speaker/0-0.pt,results/include_speaker/summary.txt,0,0,False,23,0.16741742241459015,0.30155515670776367,0.9439060856082839,0.9681630905880464,0.9267093469910371,0.9469827811796723,22.5148823261261
data/seame,LSTM,500,64,2,0.1,5,40,0.2,0,True,5,results/include_speaker/0-0.pt,results/include_speaker/summary.txt,0,0,False,24,0.16872255475475237,0.31188029050827026,0.9432888049545921,0.9736095965103598,0.9197486350056661,0.9459130158393811,22.559633016586304
data/seame,LSTM,500,64,2,0.1,5,40,0.2,0,True,5,results/include_speaker/0-0.pt,results/include_speaker/summary.txt,0,0,False,25,0.17284126130816263,0.3244306445121765,0.9418646359296967,0.9620713269767687,0.9294147582697201,0.9454611342634536,22.495789527893066
data/seame,LSTM,500,64,2,0.1,5,40,0.2,0,True,5,results/include_speaker/0-0.pt,results/include_speaker/summary.txt,0,0,False,26,0.16766565245313522,0.3096528649330139,0.9426735785584294,0.9610587002096436,0.93208966603975,0.9463525404484814,22.504749298095703
data/seame,LSTM,500,64,2,0.1,5,40,0.2,0,True,5,results/include_speaker/0-0.pt,results/include_speaker/summary.txt,0,0,False,27,0.16638029328523538,0.30645930767059326,0.9435093828593538,0.9650164316760309,0.9293517100561511,0.9468483461618473,22.516884803771973
data/seame,LSTM,500,64,2,0.1,5,40,0.2,0,True,5,results/include_speaker/0-0.pt,results/include_speaker/summary.txt,0,0,False,28,0.16993932483287957,0.3134489357471466,0.9429645186249586,0.9647420603361434,0.9286042357744323,0.946328271271063,22.514482498168945
data/seame,LSTM,500,64,2,0.1,5,40,0.2,0,True,5,results/include_speaker/0-0.pt,results/include_speaker/summary.txt,0,0,False,29,0.16748492668072382,0.32220062613487244,0.9424047473795131,0.9708175419599351,0.9210026195490266,0.9452542238857112,22.531702995300293
data/seame,LSTM,500,64,2,0.1,5,40,0.2,0,True,5,results/include_speaker/0-0.pt,results/include_speaker/summary.txt,0,0,False,30,0.1678351726478491,0.305695503950119,0.9436709210453617,0.9643159230281243,0.9304259117572048,0.9470678331299811,22.52258324623108
data/seame,LSTM,500,64,2,0.1,5,40,0.2,0,True,5,results/include_speaker/0-0.pt,results/include_speaker/summary.txt,0,0,False,31,0.16572402207515177,0.3120857775211334,0.9419312205732536,0.9585610911551877,0.9334381019973639,0.9458327982534995,22.524439573287964
data/seame,LSTM,500,64,2,0.1,5,40,0.2,0,True,5,results/include_speaker/0-0.pt,results/include_speaker/summary.txt,0,0,False,32,0.16666989038005853,0.32684603333473206,0.9433302821003579,0.9714146499918792,0.9221399938328708,0.9461362018508267,22.540127754211426
data/seame,LSTM,500,64,2,0.1,5,40,0.2,0,True,5,results/include_speaker/0-0.pt,results/include_speaker/summary.txt,0,0,False,33,0.16653908263796416,0.31891849637031555,0.9415272167724562,0.955182361425922,0.9364646464646464,0.9457308987044782,22.527485132217407
data/seame,LSTM,500,64,2,0.1,5,40,0.2,0,True,5,results/include_speaker/0-0.pt,results/include_speaker/summary.txt,0,0,False,34,0.16709682154349792,0.322378933429718,0.9442296459069289,0.9764951397660497,0.9185349726211386,0.9466286900737351,22.543943405151367
data/seame,LSTM,500,64,2,0.1,5,40,0.2,0,True,5,results/include_speaker/0-0.pt,results/include_speaker/summary.txt,0,0,False,35,0.16824281569092703,0.3202921450138092,0.9439117663359752,0.9697230438289863,0.9250500179551634,0.9468599033816426,22.494168281555176
data/seame,LSTM,500,64,2,0.1,5,40,0.2,0,True,5,results/include_speaker/0-0.pt,results/include_speaker/summary.txt,0,0,False,36,0.16809703486087996,0.33030226826667786,0.9410106979671127,0.9483175498690308,0.9433754259370616,0.9458400321543409,22.505151510238647
data/seame,LSTM,500,64,2,0.1,5,40,0.2,0,True,5,results/include_speaker/0-0.pt,results/include_speaker/summary.txt,0,0,False,37,0.16931836307048798,0.3323202133178711,0.9428911197765425,0.9661215575560645,0.9269651436164775,0.9461383969326274,22.571927785873413
data/seame,LSTM,500,64,2,0.1,5,40,0.2,0,True,5,results/include_speaker/0-0.pt,results/include_speaker/summary.txt,0,0,False,38,0.16659277887680593,0.3326866626739502,0.942644906525281,0.9635364371399884,0.9293068297655454,0.9461121344991309,22.51199197769165
data/seame,LSTM,500,64,2,0.1,5,40,0.2,0,True,5,results/include_speaker/0-0.pt,results/include_speaker/summary.txt,0,0,False,39,0.1665203141478392,0.32499703764915466,0.9421348159212237,0.9663605296881674,0.9252556237218814,0.9453614709569578,22.503440380096436
data/seame,LSTM,500,64,2,0.1,5,40,0.2,0,True,5,results/include_speaker/0-0.pt,results/include_speaker/summary.txt,0,0,False,40,0.1668076945038942,0.3399270474910736,0.9418166712821933,0.9684238838084992,0.9224266024491469,0.9448657726926811,22.523147583007812
data/seame,LSTM,500,64,2,0.1,5,40,0.2,1,True,5,results/include_speaker/0-1.pt,results/include_speaker/summary.txt,0,1,False,1,0.58816880828295,0.5263891220092773,0.919708225667528,0.921810502063934,0.9341407656014398,0.927934674945039,22.751728057861328
data/seame,LSTM,500,64,2,0.1,5,40,0.2,1,True,5,results/include_speaker/0-1.pt,results/include_speaker/summary.txt,0,1,False,2,0.3171388675005008,0.37927109003067017,0.9103813203426844,0.9880470761309305,0.8428235294117647,0.9096757809193262,22.68831706047058
data/seame,LSTM,500,64,2,0.1,5,40,0.2,1,True,5,results/include_speaker/0-1.pt,results/include_speaker/summary.txt,0,1,False,3,0.24859248999601755,0.33148494362831116,0.937777407900577,0.9712517796517358,0.9116936520174762,0.9405307951321684,22.698617219924927
data/seame,LSTM,500,64,2,0.1,5,40,0.2,1,True,5,results/include_speaker/0-1.pt,results/include_speaker/summary.txt,0,1,False,4,0.20649246183725503,0.3327915668487549,0.922976210373837,0.9783111625216888,0.8761978761978761,0.9244432299494465,22.667327165603638
data/seame,LSTM,500,64,2,0.1,5,40,0.2,1,True,5,results/include_speaker/0-1.pt,results/include_speaker/summary.txt,0,1,False,5,0.19948653838573357,0.30508333444595337,0.9426031393249062,0.9741794310722101,0.9178435212864653,0.9451727615307044,22.731972455978394
data/seame,LSTM,500,64,2,0.1,5,40,0.2,1,True,5,results/include_speaker/0-1.pt,results/include_speaker/summary.txt,0,1,False,6,0.19083846513277444,0.3422161340713501,0.9346148488647444,0.978981863382112,0.89767899699513,0.9365692819112996,22.694939136505127
data/seame,LSTM,500,64,2,0.1,5,40,0.2,1,True,5,results/include_speaker/0-1.pt,results/include_speaker/summary.txt,0,1,False,7,0.18608423246022981,0.3150511085987091,0.9404990938240625,0.9808102345415778,0.9070153590701536,0.9424704804011431,22.721335411071777
data/seame,LSTM,500,64,2,0.1,5,40,0.2,1,True,5,results/include_speaker/0-1.pt,results/include_speaker/summary.txt,0,1,False,8,0.18833089696291166,0.29960766434669495,0.9410961195361285,0.9804635020152261,0.9085014782924425,0.943111757262472,22.723318815231323
data/seame,LSTM,500,64,2,0.1,5,40,0.2,1,True,5,results/include_speaker/0-1.pt,results/include_speaker/summary.txt,0,1,False,9,0.18280087449611762,0.3157448470592499,0.9413474313551816,0.9675185224954365,0.9224980803685693,0.9444721050286943,22.691335678100586
data/seame,LSTM,500,64,2,0.1,5,40,0.2,1,True,5,results/include_speaker/0-1.pt,results/include_speaker/summary.txt,0,1,False,10,0.178296778542109,0.32821810245513916,0.9377267063547002,0.9679254483393834,0.9151214014957484,0.9407830643250218,22.71211576461792
data/seame,LSTM,500,64,2,0.1,5,40,0.2,1,True,5,results/include_speaker/0-1.pt,results/include_speaker/summary.txt,0,1,False,11,0.17979802974523643,0.3019908666610718,0.9426970051865484,0.9810529845741114,0.9109450412579791,0.9447000888027771,22.6942355632782
data/seame,LSTM,500,64,2,0.1,5,40,0.2,1,True,5,results/include_speaker/0-1.pt,results/include_speaker/summary.txt,0,1,False,12,0.1811003022086926,0.31687766313552856,0.941907907518943,0.9724325796785617,0.9183473965836592,0.9446164430684555,22.68953514099121
data/seame,LSTM,500,64,2,0.1,5,40,0.2,1,True,5,results/include_speaker/0-1.pt,results/include_speaker/summary.txt,0,1,False,13,0.175535769512256,0.32157352566719055,0.9395774569990598,0.965759296967099,0.9209974960396545,0.942847427480317,22.702078104019165
data/seame,LSTM,500,64,2,0.1,5,40,0.2,1,True,5,results/include_speaker/0-1.pt,results/include_speaker/summary.txt,0,1,False,14,0.17362846424564338,0.322871595621109,0.940161934338953,0.9705898341940745,0.9169534179035489,0.9430095600274654,22.69267463684082
data/seame,LSTM,500,64,2,0.1,5,40,0.2,1,True,5,results/include_speaker/0-1.pt,results/include_speaker/summary.txt,0,1,False,15,0.17489827338319558,0.333650678396225,0.9408843763870395,0.9714270164362686,0.9174505268568491,0.9436675566364429,22.724778652191162
data/seame,LSTM,500,64,2,0.1,5,40,0.2,1,True,5,results/include_speaker/0-1.pt,results/include_speaker/summary.txt,0,1,False,16,0.17261620267079428,0.3305421471595764,0.9414274631497285,0.9692814338929979,0.9207651674444843,0.9444006101730577,22.633636236190796
data/seame,LSTM,500,64,2,0.1,5,40,0.2,1,True,5,results/include_speaker/0-1.pt,results/include_speaker/summary.txt,0,1,False,17,0.17314829648687288,0.32232919335365295,0.9424454439446943,0.9730127576054955,0.9187644787644788,0.9451108110254984,22.644314765930176
data/seame,LSTM,500,64,2,0.1,5,40,0.2,1,True,5,results/include_speaker/0-1.pt,results/include_speaker/summary.txt,0,1,False,18,0.17694367372836822,0.3142421841621399,0.940912886167548,0.9774240071000666,0.911258209649894,0.9431821223069718,22.681195974349976
data/seame,LSTM,500,64,2,0.1,5,40,0.2,1,True,5,results/include_speaker/0-1.pt,results/include_speaker/summary.txt,0,1,False,19,0.17082358638827616,0.32204318046569824,0.9411992906229217,0.969464411176566,0.920133367530136,0.944154955523975,22.639049768447876
data/seame,LSTM,500,64,2,0.1,5,40,0.2,1,True,5,results/include_speaker/0-1.pt,results/include_speaker/summary.txt,0,1,False,20,0.17351251716415086,0.3217853903770447,0.9438785422853813,0.9725388038641051,0.9220004116073266,0.946595531139401,22.610867023468018
data/seame,LSTM,500,64,2,0.1,5,40,0.2,1,True,5,results/include_speaker/0-1.pt,results/include_speaker/summary.txt,0,1,False,21,0.17477357960664308,0.32319003343582153,0.944949032025109,0.9738960191429193,0.9226172076249356,0.9475633631409071,22.610522508621216
data/seame,LSTM,500,64,2,0.1,5,40,0.2,1,True,5,results/include_speaker/0-1.pt,results/include_speaker/summary.txt,0,1,False,22,0.17127358416716257,0.33489537239074707,0.9435894596988486,0.9676591650184423,0.9266444842590222,0.9467078081690289,22.58934259414673
data/seame,LSTM,500,64,2,0.1,5,40,0.2,1,True,5,results/include_speaker/0-1.pt,results/include_speaker/summary.txt,0,1,False,23,0.16852180210825723,0.3204951584339142,0.9425131844161582,0.9633386159535129,0.9292702812882185,0.9459978212377445,22.629546403884888
data/seame,LSTM,500,64,2,0.1,5,40,0.2,1,True,5,results/include_speaker/0-1.pt,results/include_speaker/summary.txt,0,1,False,24,0.16866779193664208,0.317307710647583,0.9440760389036251,0.9646275048908158,0.9308638195826318,0.947444952222684,22.63443875312805
data/seame,LSTM,500,64,2,0.1,5,40,0.2,1,True,5,results/include_speaker/0-1.pt,results/include_speaker/summary.txt,0,1,False,25,0.17032079828473237,0.3129246234893799,0.9414421858645954,0.9591186759254425,0.9318723684878,0.9452992332630064,22.6224045753479
data/seame,LSTM,500,64,2,0.1,5,40,0.2,1,True,5,results/include_speaker/0-1.pt,results/include_speaker/summary.txt,0,1,False,26,0.17085830026712173,0.3203636109828949,0.9409771951085161,0.9589907010761676,0.9311184377377631,0.9448490619450806,22.69585657119751
data/seame,LSTM,500,64,2,0.1,5,40,0.2,1,True,5,results/include_speaker/0-1.pt,results/include_speaker/summary.txt,0,1,False,27,0.1724015694971268,0.3063490092754364,0.9422608503100088,0.9675759687014309,0.9241873560276427,0.9453840917421584,22.65996026992798
data/seame,LSTM,500,64,2,0.1,5,40,0.2,1,True,5,results/include_speaker/0-1.pt,results/include_speaker/summary.txt,0,1,False,28,0.16826934300554106,0.3126964271068573,0.9417591234817254,0.9668183034519668,0.9240409207161125,0.9449457303517719,22.63518500328064
data/seame,LSTM,500,64,2,0.1,5,40,0.2,1,True,5,results/include_speaker/0-1.pt,results/include_speaker/summary.txt,0,1,False,29,0.1702456014851729,0.3122594952583313,0.9393997850469865,0.9598380907322714,0.9271351680714939,0.9432032440529999,22.63703966140747
data/seame,LSTM,500,64,2,0.1,5,40,0.2,1,True,5,results/include_speaker/0-1.pt,results/include_speaker/summary.txt,0,1,False,30,0.171117052817956,0.3265760838985443,0.9409455349737351,0.9654657058980518,0.9239413597589008,0.9442472332428483,22.617971658706665
data/seame,LSTM,500,64,2,0.1,5,40,0.2,1,True,5,results/include_speaker/0-1.pt,results/include_speaker/summary.txt,0,1,False,31,0.16961373044894293,0.32208970189094543,0.9421631480048634,0.9646877655055225,0.9271242663944884,0.9455330887136649,22.618236303329468
data/seame,LSTM,500,64,2,0.1,5,40,0.2,1,True,5,results/include_speaker/0-1.pt,results/include_speaker/summary.txt,0,1,False,32,0.16725045948838577,0.3120141923427582,0.9427226145963163,0.9687231298366294,0.9238417384173842,0.9457502623294858,22.622156620025635
data/seame,LSTM,500,64,2,0.1,5,40,0.2,1,True,5,results/include_speaker/0-1.pt,results/include_speaker/summary.txt,0,1,False,33,0.16831398631135622,0.3179824948310852,0.9425163290158308,0.9673982869379015,0.924868212293362,0.9456553023365342,22.59261465072632
data/seame,LSTM,500,64,2,0.1,5,40,0.2,1,True,5,results/include_speaker/0-1.pt,results/include_speaker/summary.txt,0,1,False,34,0.17049049700681979,0.3036857843399048,0.9425198159747242,0.9698375870069605,0.9222638411411566,0.9454526326863395,22.629197597503662
data/seame,LSTM,500,64,2,0.1,5,40,0.2,1,True,5,results/include_speaker/0-1.pt,results/include_speaker/summary.txt,0,1,False,35,0.16835276706096453,0.3066921830177307,0.9437656206609275,0.9734836110203637,0.9207910593809548,0.9464044676177117,22.5765540599823
data/seame,LSTM,500,64,2,0.1,5,40,0.2,1,True,5,results/include_speaker/0-1.pt,results/include_speaker/summary.txt,0,1,False,36,0.17020573142247322,0.3247498571872711,0.9410680386276722,0.9572170301142264,0.9332793358307179,0.9450966319782643,22.622056007385254
data/seame,LSTM,500,64,2,0.1,5,40,0.2,1,True,5,results/include_speaker/0-1.pt,results/include_speaker/summary.txt,0,1,False,37,0.16784579994586799,0.3067842125892639,0.942904748680922,0.9734387782928825,0.9191945202657466,0.945539309175673,22.597007989883423
data/seame,LSTM,500,64,2,0.1,5,40,0.2,1,True,5,results/include_speaker/0-1.pt,results/include_speaker/summary.txt,0,1,False,38,0.16736057610848012,0.31457775831222534,0.9428611072568336,0.972184495029065,0.9204299969138977,0.9455996195408067,22.62062096595764
data/seame,LSTM,500,64,2,0.1,5,40,0.2,1,True,5,results/include_speaker/0-1.pt,results/include_speaker/summary.txt,0,1,False,39,0.1696118478400585,0.32345104217529297,0.9409115870400878,0.9539267553546664,0.936702476421042,0.9452361563517915,22.582854747772217
data/seame,LSTM,500,64,2,0.1,5,40,0.2,1,True,5,results/include_speaker/0-1.pt,results/include_speaker/summary.txt,0,1,False,40,0.16908172632639223,0.30581778287887573,0.9432048681541582,0.974513235615839,0.9186430191792122,0.9457537154989386,22.6106436252594
data/seame,LSTM,500,64,2,0.1,5,40,0.2,2,True,5,results/include_speaker/0-2.pt,results/include_speaker/summary.txt,0,2,False,1,0.5187590469916662,0.5226100087165833,0.9242763495103725,0.9255334521458504,0.9384157061926157,0.9319300628076727,22.64110565185547
data/seame,LSTM,500,64,2,0.1,5,40,0.2,2,True,5,results/include_speaker/0-2.pt,results/include_speaker/summary.txt,0,2,False,2,0.2769249549660927,0.4011867642402649,0.9224592987720176,0.973165451230629,0.8804185351270553,0.9244716261196655,22.601541996002197
data/seame,LSTM,500,64,2,0.1,5,40,0.2,2,True,5,results/include_speaker/0-2.pt,results/include_speaker/summary.txt,0,2,False,3,0.24656570626375002,0.4204733371734619,0.9147494746156398,0.9639279684862128,0.8752235450411323,0.9174365978415147,22.57547163963318
data/seame,LSTM,500,64,2,0.1,5,40,0.2,2,True,5,results/include_speaker/0-2.pt,results/include_speaker/summary.txt,0,2,False,4,0.21321565122940603,0.3278043270111084,0.9400420563333518,0.9667561761546724,0.9208143639060822,0.9432261783122429,22.62536907196045
data/seame,LSTM,500,64,2,0.1,5,40,0.2,2,True,5,results/include_speaker/0-2.pt,results/include_speaker/summary.txt,0,2,False,5,0.1931178650030723,0.33161699771881104,0.9398293421414808,0.957891990607879,0.9301312256168617,0.9438075163230683,22.608227014541626
data/seame,LSTM,500,64,2,0.1,5,40,0.2,2,True,5,results/include_speaker/0-2.pt,results/include_speaker/summary.txt,0,2,False,6,0.18913950350804207,0.31660765409469604,0.9393157412802797,0.9717894046252256,0.914069731564332,0.9420462675888386,22.60408115386963
data/seame,LSTM,500,64,2,0.1,5,40,0.2,2,True,5,results/include_speaker/0-2.pt,results/include_speaker/summary.txt,0,2,False,7,0.1900993662002759,0.32159602642059326,0.9409718387631143,0.9630884922946565,0.9265807306261782,0.9444819527395482,22.675987243652344
data/seame,LSTM,500,64,2,0.1,5,40,0.2,2,True,5,results/include_speaker/0-2.pt,results/include_speaker/summary.txt,0,2,False,8,0.18256274706278092,0.32600048184394836,0.9377139701822198,0.9628563815614175,0.9205686044734295,0.9412377578662222,22.59199595451355
data/seame,LSTM,500,64,2,0.1,5,40,0.2,2,True,5,results/include_speaker/0-2.pt,results/include_speaker/summary.txt,0,2,False,9,0.18130161613225937,0.33976125717163086,0.920219584238979,0.978841221730007,0.8704193230705437,0.9214518916842712,22.67986536026001
data/seame,LSTM,500,64,2,0.1,5,40,0.2,2,True,5,results/include_speaker/0-2.pt,results/include_speaker/summary.txt,0,2,False,10,0.18505881650325579,0.33072182536125183,0.9404499338332598,0.9606141873060946,0.9282992021952335,0.9441802770312178,22.61538004875183
data/seame,LSTM,500,64,2,0.1,5,40,0.2,2,True,5,results/include_speaker/0-2.pt,results/include_speaker/summary.txt,0,2,False,11,0.1775623028859114,0.3187203109264374,0.9432561232406074,0.9693904997579214,0.9241499564080209,0.9462297836588952,22.599356651306152
data/seame,LSTM,500,64,2,0.1,5,40,0.2,2,True,5,results/include_speaker/0-2.pt,results/include_speaker/summary.txt,0,2,False,12,0.1758368324774962,0.31648147106170654,0.9435054729934655,0.9609812228673048,0.9337771904858712,0.9471839154530223,22.588870763778687
data/seame,LSTM,500,64,2,0.1,5,40,0.2,2,True,5,results/include_speaker/0-2.pt,results/include_speaker/summary.txt,0,2,False,13,0.17216749269610795,0.33065927028656006,0.943159816341207,0.9663789428815004,0.9272020857829354,0.9463852435492707,22.655160188674927
data/seame,LSTM,500,64,2,0.1,5,40,0.2,2,True,5,results/include_speaker/0-2.pt,results/include_speaker/summary.txt,0,2,False,14,0.17378743288990778,0.3080666959285736,0.9435607432375964,0.9792521912792633,0.9144218814753419,0.9457272970800964,22.618801832199097
data/seame,LSTM,500,64,2,0.1,5,40,0.2,2,True,5,results/include_speaker/0-2.pt,results/include_speaker/summary.txt,0,2,False,15,0.17066421608130136,0.30036747455596924,0.9433189354883657,0.9798687576465355,0.9133319510678001,0.9454311316198959,22.633873224258423
data/seame,LSTM,500,64,2,0.1,5,40,0.2,2,True,5,results/include_speaker/0-2.pt,results/include_speaker/summary.txt,0,2,False,16,0.17026745680815134,0.30564257502555847,0.945159765288245,0.9761305157122523,0.9206857378911495,0.9475977891156463,22.55928087234497
data/seame,LSTM,500,64,2,0.1,5,40,0.2,2,True,5,results/include_speaker/0-2.pt,results/include_speaker/summary.txt,0,2,False,17,0.16897592464318642,0.3023357093334198,0.9441138853361508,0.9757246972436846,0.919114231146441,0.9465738131944075,22.607202768325806
data/seame,LSTM,500,64,2,0.1,5,40,0.2,2,True,5,results/include_speaker/0-2.pt,results/include_speaker/summary.txt,0,2,False,18,0.16850536670058203,0.3122785687446594,0.9423813488759367,0.9724081632653061,0.9192776663065287,0.9450967946683592,22.554692268371582
data/seame,LSTM,500,64,2,0.1,5,40,0.2,2,True,5,results/include_speaker/0-2.pt,results/include_speaker/summary.txt,0,2,False,19,0.16866968342891106,0.30119964480400085,0.9440819612960546,0.9731492553538428,0.9217462932454695,0.9467505684522236,22.605029106140137
data/seame,LSTM,500,64,2,0.1,5,40,0.2,2,True,5,results/include_speaker/0-2.pt,results/include_speaker/summary.txt,0,2,False,20,0.16730100909868875,0.32726794481277466,0.943389952617141,0.9695453322571966,0.9242408699220352,0.9463511987605366,22.590964555740356
data/seame,LSTM,500,64,2,0.1,5,40,0.2,2,True,5,results/include_speaker/0-2.pt,results/include_speaker/summary.txt,0,2,False,21,0.16686575429943892,0.3223797380924225,0.9401773137791035,0.9636479591836735,0.9244417252982563,0.9436377829820454,22.56851053237915
data/seame,LSTM,500,64,2,0.1,5,40,0.2,2,True,5,results/include_speaker/0-2.pt,results/include_speaker/summary.txt,0,2,False,22,0.1683199568054615,0.3188474178314209,0.9423543020821857,0.9590975406419341,0.9336545777326909,0.946205053075282,22.575058460235596
data/seame,LSTM,500,64,2,0.1,5,40,0.2,2,True,5,results/include_speaker/0-2.pt,results/include_speaker/summary.txt,0,2,False,23,0.16704120467870665,0.32610511779785156,0.9429718875502008,0.9687382499865714,0.9243029930299304,0.9459991082902778,22.603970289230347
data/seame,LSTM,500,64,2,0.1,5,40,0.2,2,True,5,results/include_speaker/0-2.pt,results/include_speaker/summary.txt,0,2,False,24,0.16914235485287812,0.31999945640563965,0.9433988298929241,0.9625092018088127,0.9318841317517691,0.9469491218540649,22.5555202960968
data/seame,LSTM,500,64,2,0.1,5,40,0.2,2,True,5,results/include_speaker/0-2.pt,results/include_speaker/summary.txt,0,2,False,25,0.16987913703689209,0.33460840582847595,0.9397286821705426,0.9678062985332183,0.9190863931991602,0.9428173675501038,22.579159021377563
data/seame,LSTM,500,64,2,0.1,5,40,0.2,2,True,5,results/include_speaker/0-2.pt,results/include_speaker/summary.txt,0,2,False,26,0.17016302440793085,0.3030410408973694,0.9444150638795334,0.9777349131992285,0.9176062894382953,0.9467168280903973,22.576387643814087
data/seame,LSTM,500,64,2,0.1,5,40,0.2,2,True,5,results/include_speaker/0-2.pt,results/include_speaker/summary.txt,0,2,False,27,0.1657355481233352,0.30039483308792114,0.9443207746674829,0.977165181027842,0.9180149909537348,0.9466670220421654,22.586930990219116
data/seame,LSTM,500,64,2,0.1,5,40,0.2,2,True,5,results/include_speaker/0-2.pt,results/include_speaker/summary.txt,0,2,False,28,0.1654817792467582,0.2967875599861145,0.944272876498901,0.976906581624237,0.9181912144702843,0.9466393158750034,22.60971999168396
data/seame,LSTM,500,64,2,0.1,5,40,0.2,2,True,5,results/include_speaker/0-2.pt,results/include_speaker/summary.txt,0,2,False,29,0.16449019618523428,0.29429203271865845,0.9443780070639931,0.9761956998683633,0.9191282792811403,0.9468028513671667,22.625178337097168
data/seame,LSTM,500,64,2,0.1,5,40,0.2,2,True,5,results/include_speaker/0-2.pt,results/include_speaker/summary.txt,0,2,False,30,0.16511763746921831,0.30368536710739136,0.9437430478309232,0.9760127346580305,0.9181081220633036,0.9461753359052814,22.566409826278687
data/seame,LSTM,500,64,2,0.1,5,40,0.2,2,True,5,results/include_speaker/0-2.pt,results/include_speaker/summary.txt,0,2,False,31,0.1648065474552986,0.30783790349960327,0.9440211345939933,0.9760258942286592,0.9186244642949347,0.9464556456975661,22.579124689102173
data/seame,LSTM,500,64,2,0.1,5,40,0.2,2,True,5,results/include_speaker/0-2.pt,results/include_speaker/summary.txt,0,2,False,32,0.1652470168012839,0.3095647990703583,0.943972929494647,0.9713019510349673,0.9234880016443142,0.9467916973975345,22.557647466659546
data/seame,LSTM,500,64,2,0.1,5,40,0.2,2,True,5,results/include_speaker/0-2.pt,results/include_speaker/summary.txt,0,2,False,33,0.16483444433945876,0.3128375709056854,0.9436506395139139,0.9718294598840674,0.9223136246786633,0.9464243319528345,22.604571104049683
data/seame,LSTM,500,64,2,0.1,5,40,0.2,2,True,5,results/include_speaker/0-2.pt,results/include_speaker/summary.txt,0,2,False,34,0.16405697147815657,0.31567463278770447,0.9444151079736528,0.9749781468531469,0.920466267794512,0.9469383423538151,22.651683568954468
data/seame,LSTM,500,64,2,0.1,5,40,0.2,2,True,5,results/include_speaker/0-2.pt,results/include_speaker/summary.txt,0,2,False,35,0.16677948393118688,0.3228442966938019,0.9421127190911364,0.9738512035010941,0.9172506183017313,0.9447038845255785,22.58816909790039
data/seame,LSTM,500,64,2,0.1,5,40,0.2,2,True,5,results/include_speaker/0-2.pt,results/include_speaker/summary.txt,0,2,False,36,0.16537873657085958,0.30859890580177307,0.9438659018767055,0.9783822635041742,0.9158946224315512,0.9461077844311377,22.577961206436157
data/seame,LSTM,500,64,2,0.1,5,40,0.2,2,True,5,results/include_speaker/0-2.pt,results/include_speaker/summary.txt,0,2,False,37,0.16686042455526498,0.3086777329444885,0.9438217832769239,0.9716899426220634,0.9227882588803783,0.9466079573918317,22.55523133277893
data/seame,LSTM,500,64,2,0.1,5,40,0.2,2,True,5,results/include_speaker/0-2.pt,results/include_speaker/summary.txt,0,2,False,38,0.16665887374144334,0.3112075626850128,0.9445556111389027,0.9749344692005243,0.920779823611326,0.9470836317339064,22.55625867843628
data/seame,LSTM,500,64,2,0.1,5,40,0.2,2,True,5,results/include_speaker/0-2.pt,results/include_speaker/summary.txt,0,2,False,39,0.16633887168688652,0.32137417793273926,0.9432683224981941,0.97426370143708,0.9190247925364672,0.945838417060103,22.59741473197937
data/seame,LSTM,500,64,2,0.1,5,40,0.2,2,True,5,results/include_speaker/0-2.pt,results/include_speaker/summary.txt,0,2,False,40,0.16710834701855978,0.3127180337905884,0.9417922020381037,0.9683248184995966,0.9224857830831498,0.9448496615416907,22.602399587631226
data/seame,LSTM,500,64,2,0.1,5,40,0.2,3,True,5,results/include_speaker/0-3.pt,results/include_speaker/summary.txt,0,3,False,1,0.6097168731383789,0.589913010597229,0.9068886998984939,0.9493449781659389,0.8758183100010072,0.9111006338729111,22.609233140945435
data/seame,LSTM,500,64,2,0.1,5,40,0.2,3,True,5,results/include_speaker/0-3.pt,results/include_speaker/summary.txt,0,3,False,2,0.3845578596377984,0.469024121761322,0.913911620294599,0.9407349491790461,0.8993870533712065,0.9195964536838888,22.553667783737183
data/seame,LSTM,500,64,2,0.1,5,40,0.2,3,True,5,results/include_speaker/0-3.pt,results/include_speaker/summary.txt,0,3,False,3,0.2555663614318921,0.3573357164859772,0.9340115632643985,0.9747139268769188,0.9008925346953516,0.9363504745562764,22.608758211135864
data/seame,LSTM,500,64,2,0.1,5,40,0.2,3,True,5,results/include_speaker/0-3.pt,results/include_speaker/summary.txt,0,3,False,4,0.21021989465523988,0.3375524878501892,0.9376790041859441,0.9585478617211306,0.9252497591155738,0.9416045209403142,22.592909574508667
data/seame,LSTM,500,64,2,0.1,5,40,0.2,3,True,5,results/include_speaker/0-3.pt,results/include_speaker/summary.txt,0,3,False,5,0.1979934607560818,0.3518120050430298,0.9360205264029134,0.9615015974440895,0.9187910242711036,0.9396612286316448,22.586546659469604
data/seame,LSTM,500,64,2,0.1,5,40,0.2,3,True,5,results/include_speaker/0-3.pt,results/include_speaker/summary.txt,0,3,False,6,0.1904521540571482,0.33469265699386597,0.9406194081211287,0.9581834297930027,0.9313298195824042,0.9445658040142891,22.62578797340393
data/seame,LSTM,500,64,2,0.1,5,40,0.2,3,True,5,results/include_speaker/0-3.pt,results/include_speaker/summary.txt,0,3,False,7,0.1843205302571639,0.3197394907474518,0.9389978812976364,0.9572315234965837,0.9292658227848102,0.9430413894098605,22.571988105773926
data/seame,LSTM,500,64,2,0.1,5,40,0.2,3,True,5,results/include_speaker/0-3.pt,results/include_speaker/summary.txt,0,3,False,8,0.18525147972962794,0.34210678935050964,0.94104809525125,0.9640883977900553,0.925635009690911,0.9444704657819412,22.590805768966675
data/seame,LSTM,500,64,2,0.1,5,40,0.2,3,True,5,results/include_speaker/0-3.pt,results/include_speaker/summary.txt,0,3,False,9,0.1816700714138838,0.3074875771999359,0.9406107503109024,0.9647253157137529,0.9241016741527154,0.9439766417268437,22.58293318748474
data/seame,LSTM,500,64,2,0.1,5,40,0.2,3,True,5,results/include_speaker/0-3.pt,results/include_speaker/summary.txt,0,3,False,10,0.18472322859825233,0.3097747564315796,0.9414200361261637,0.9746265377855887,0.9151196369636964,0.943936170212766,22.56488847732544
data/seame,LSTM,500,64,2,0.1,5,40,0.2,3,True,5,results/include_speaker/0-3.pt,results/include_speaker/summary.txt,0,3,False,11,0.1832348849528875,0.3145197629928589,0.9416570072307777,0.9624782310412159,0.928567791863958,0.9452189686447264,22.593875408172607
data/seame,LSTM,500,64,2,0.1,5,40,0.2,3,True,5,results/include_speaker/0-3.pt,results/include_speaker/summary.txt,0,3,False,12,0.17777645205840087,0.3133353888988495,0.9441302057339322,0.9707182916307161,0.9244081548811175,0.9469973959018334,22.58576226234436
data/seame,LSTM,500,64,2,0.1,5,40,0.2,3,True,5,results/include_speaker/0-3.pt,results/include_speaker/summary.txt,0,3,False,13,0.17720506684138224,0.3113449215888977,0.9393280962727728,0.9790233260614197,0.9066045066045066,0.9414232693238663,22.579067707061768
data/seame,LSTM,500,64,2,0.1,5,40,0.2,3,True,5,results/include_speaker/0-3.pt,results/include_speaker/summary.txt,0,3,False,14,0.18379671757037824,0.3212936818599701,0.9420354351514477,0.9762902514336127,0.9145661157024794,0.944420738212076,22.58174777030945
data/seame,LSTM,500,64,2,0.1,5,40,0.2,3,True,5,results/include_speaker/0-3.pt,results/include_speaker/summary.txt,0,3,False,15,0.1769850424084908,0.32929733395576477,0.9409094683236002,0.9673451850260487,0.9218446105026104,0.9440469638598423,22.590090036392212
data/seame,LSTM,500,64,2,0.1,5,40,0.2,3,True,5,results/include_speaker/0-3.pt,results/include_speaker/summary.txt,0,3,False,16,0.1814971598677146,0.3193114101886749,0.9410247163582901,0.9713850505929714,0.9177631578947368,0.9438130979438659,22.663937091827393
data/seame,LSTM,500,64,2,0.1,5,40,0.2,3,True,5,results/include_speaker/0-3.pt,results/include_speaker/summary.txt,0,3,False,17,0.1758179851831534,0.33296525478363037,0.9391797896611207,0.9767235153602578,0.908677451031061,0.9414725568942437,22.612010717391968
data/seame,LSTM,500,64,2,0.1,5,40,0.2,3,True,5,results/include_speaker/0-3.pt,results/include_speaker/summary.txt,0,3,False,18,0.17422707646321028,0.3340749740600586,0.9423114348466736,0.9754850766778431,0.9159269199009084,0.9447682930075328,22.597079753875732
data/seame,LSTM,500,64,2,0.1,5,40,0.2,3,True,5,results/include_speaker/0-3.pt,results/include_speaker/summary.txt,0,3,False,19,0.17261362056701612,0.30840426683425903,0.942525536474714,0.9775479732345297,0.9142014894497311,0.9448141318581469,22.577675819396973
data/seame,LSTM,500,64,2,0.1,5,40,0.2,3,True,5,results/include_speaker/0-3.pt,results/include_speaker/summary.txt,0,3,False,20,0.172425477932661,0.30868348479270935,0.9432663483956922,0.9725558393565568,0.9208129662979161,0.9459773760439792,22.642117261886597
data/seame,LSTM,500,64,2,0.1,5,40,0.2,3,True,5,results/include_speaker/0-3.pt,results/include_speaker/summary.txt,0,3,False,21,0.16883379985124636,0.326752245426178,0.9423689384917887,0.9685064760573977,0.92339618774339,0.9454135298900926,22.594600200653076
data/seame,LSTM,500,64,2,0.1,5,40,0.2,3,True,5,results/include_speaker/0-3.pt,results/include_speaker/summary.txt,0,3,False,22,0.17017683510979018,0.3239924907684326,0.9425990271021543,0.9751934580977992,0.916778454235889,0.9450841688163178,22.59201669692993
data/seame,LSTM,500,64,2,0.1,5,40,0.2,3,True,5,results/include_speaker/0-3.pt,results/include_speaker/summary.txt,0,3,False,23,0.16917413463577247,0.31766659021377563,0.9433076987145673,0.9730082716586852,0.9204159374034798,0.9459816940902598,22.631805896759033
data/seame,LSTM,500,64,2,0.1,5,40,0.2,3,True,5,results/include_speaker/0-3.pt,results/include_speaker/summary.txt,0,3,False,24,0.17082915837183976,0.306539386510849,0.9438610102801408,0.9695731641758951,0.925112843660238,0.9468213554517299,22.596604824066162
data/seame,LSTM,500,64,2,0.1,5,40,0.2,3,True,5,results/include_speaker/0-3.pt,results/include_speaker/summary.txt,0,3,False,25,0.1683152872018325,0.30029773712158203,0.9436011697535163,0.978837737521467,0.9149233637116818,0.9458019966276798,22.626455783843994
data/seame,LSTM,500,64,2,0.1,5,40,0.2,3,True,5,results/include_speaker/0-3.pt,results/include_speaker/summary.txt,0,3,False,26,0.16766776650761947,0.29523172974586487,0.9439033891702376,0.9771463186298806,0.9172395967950375,0.9462457337883959,22.63110852241516
data/seame,LSTM,500,64,2,0.1,5,40,0.2,3,True,5,results/include_speaker/0-3.pt,results/include_speaker/summary.txt,0,3,False,27,0.16934474557638168,0.3112334609031677,0.9429338797208994,0.9682003432003432,0.9248066383240281,0.9460061303083493,22.649489164352417
data/seame,LSTM,500,64,2,0.1,5,40,0.2,3,True,5,results/include_speaker/0-3.pt,results/include_speaker/summary.txt,0,3,False,28,0.17376759419074425,0.3010671138763428,0.938440987393204,0.9771562291063071,0.9068252326783868,0.9406779661016947,22.634024143218994
data/seame,LSTM,500,64,2,0.1,5,40,0.2,3,True,5,results/include_speaker/0-3.pt,results/include_speaker/summary.txt,0,3,False,29,0.1703017360697954,0.31367942690849304,0.9411797362942401,0.9725937653545886,0.9167867435158501,0.943866062677157,22.589645862579346
data/seame,LSTM,500,64,2,0.1,5,40,0.2,3,True,5,results/include_speaker/0-3.pt,results/include_speaker/summary.txt,0,3,False,30,0.16918832942461356,0.3057389259338379,0.9430133792261145,0.972642227782008,0.9202387691041013,0.9457151167402629,22.61134696006775
data/seame,LSTM,500,64,2,0.1,5,40,0.2,3,True,5,results/include_speaker/0-3.pt,results/include_speaker/summary.txt,0,3,False,31,0.16862609944282433,0.32026514410972595,0.941429324163177,0.9709106697058504,0.9190383232302476,0.9442626411907526,22.601462602615356
data/seame,LSTM,500,64,2,0.1,5,40,0.2,3,True,5,results/include_speaker/0-3.pt,results/include_speaker/summary.txt,0,3,False,32,0.16970569201004812,0.31239306926727295,0.9384371435724818,0.9764300405803547,0.9075643277875375,0.9407385587660337,22.62718939781189
data/seame,LSTM,500,64,2,0.1,5,40,0.2,3,True,5,results/include_speaker/0-3.pt,results/include_speaker/summary.txt,0,3,False,33,0.17189076103461096,0.3197205364704132,0.9379786671122622,0.9784934192103052,0.9045769907838873,0.9400844790013183,22.61198925971985
data/seame,LSTM,500,64,2,0.1,5,40,0.2,3,True,5,results/include_speaker/0-3.pt,results/include_speaker/summary.txt,0,3,False,34,0.17009273228737024,0.31271085143089294,0.9377767874550873,0.9786947746131419,0.9039875712066286,0.9398589350131912,22.613358736038208
data/seame,LSTM,500,64,2,0.1,5,40,0.2,3,True,5,results/include_speaker/0-3.pt,results/include_speaker/summary.txt,0,3,False,35,0.16920257588991752,0.31638577580451965,0.9424779989450598,0.9728639930252834,0.918982911262096,0.9451561672842774,22.619861125946045
data/seame,LSTM,500,64,2,0.1,5,40,0.2,3,True,5,results/include_speaker/0-3.pt,results/include_speaker/summary.txt,0,3,False,36,0.1655526282504583,0.31998535990715027,0.9439275627180594,0.9683584966270479,0.9265406485323497,0.9469881410508129,22.593992948532104
data/seame,LSTM,500,64,2,0.1,5,40,0.2,3,True,5,results/include_speaker/0-3.pt,results/include_speaker/summary.txt,0,3,False,37,0.1675770225433203,0.3121810853481293,0.9441291040623261,0.9770538711274969,0.917765028169742,0.9464818763326227,22.57847499847412
data/seame,LSTM,500,64,2,0.1,5,40,0.2,3,True,5,results/include_speaker/0-3.pt,results/include_speaker/summary.txt,0,3,False,38,0.16572254246626145,0.32041609287261963,0.9435450163011676,0.979773282951767,0.9138592308489686,0.9456690801823546,22.597708225250244
data/seame,LSTM,500,64,2,0.1,5,40,0.2,3,True,5,results/include_speaker/0-3.pt,results/include_speaker/summary.txt,0,3,False,39,0.16600858219541037,0.3151911497116089,0.9436713792719581,0.9774444383168808,0.916489994312012,0.9459863364645601,22.634546995162964
data/seame,LSTM,500,64,2,0.1,5,40,0.2,3,True,5,results/include_speaker/0-3.pt,results/include_speaker/summary.txt,0,3,False,40,0.16951521017994636,0.3126514256000519,0.944106622240733,0.9732506931984994,0.9216867469879518,0.9467671558905195,22.58924627304077
data/seame,LSTM,500,64,2,0.1,5,40,0.2,4,True,5,results/include_speaker/0-4.pt,results/include_speaker/summary.txt,0,4,False,1,0.5621235309503018,0.5063177347183228,0.9273936313996864,0.9287892724016072,0.9404440958776531,0.9345803497491355,22.59278655052185
data/seame,LSTM,500,64,2,0.1,5,40,0.2,4,True,5,results/include_speaker/0-4.pt,results/include_speaker/summary.txt,0,4,False,2,0.3193091087234326,0.44589105248451233,0.9151991556024666,0.9723345269723923,0.8673811118553248,0.9168640906244043,22.58551526069641
data/seame,LSTM,500,64,2,0.1,5,40,0.2,4,True,5,results/include_speaker/0-4.pt,results/include_speaker/summary.txt,0,4,False,3,0.2318757929098912,0.33524131774902344,0.9324588333798493,0.9823877000745798,0.8901595882933929,0.9340023999127305,22.594802856445312
data/seame,LSTM,500,64,2,0.1,5,40,0.2,4,True,5,results/include_speaker/0-4.pt,results/include_speaker/summary.txt,0,4,False,4,0.20484386021510148,0.30881690979003906,0.9411012591377824,0.9750178836735817,0.9141044160132068,0.9435790931118034,22.6372172832489
data/seame,LSTM,500,64,2,0.1,5,40,0.2,4,True,5,results/include_speaker/0-4.pt,results/include_speaker/summary.txt,0,4,False,5,0.18727718962308687,0.3121521472930908,0.9379564078265232,0.9800213855591198,0.9029815919108115,0.9399255141145355,22.60317897796631
data/seame,LSTM,500,64,2,0.1,5,40,0.2,4,True,5,results/include_speaker/0-4.pt,results/include_speaker/summary.txt,0,4,False,6,0.1963582625373816,0.3187252879142761,0.939206265448385,0.9733963612378387,0.9121767796435561,0.9417927513494827,22.619439363479614
data/seame,LSTM,500,64,2,0.1,5,40,0.2,4,True,5,results/include_speaker/0-4.pt,results/include_speaker/summary.txt,0,4,False,7,0.18821787241941842,0.30448922514915466,0.9426261283712688,0.9682786753260695,0.924132984990523,0.9456909205284125,22.610876321792603
data/seame,LSTM,500,64,2,0.1,5,40,0.2,4,True,5,results/include_speaker/0-4.pt,results/include_speaker/summary.txt,0,4,False,8,0.18153661298446166,0.3139238953590393,0.935856318152662,0.981057168784029,0.8979443521594684,0.9376626192541198,22.627836227416992
data/seame,LSTM,500,64,2,0.1,5,40,0.2,4,True,5,results/include_speaker/0-4.pt,results/include_speaker/summary.txt,0,4,False,9,0.1784795576181167,0.311312198638916,0.9405612883486775,0.9762207598296743,0.9118285123966943,0.9429265817375744,22.608601570129395
data/seame,LSTM,500,64,2,0.1,5,40,0.2,4,True,5,results/include_speaker/0-4.pt,results/include_speaker/summary.txt,0,4,False,10,0.17418115175305268,0.29768484830856323,0.9409307377391595,0.9786203440788375,0.9100652376514445,0.9430985915492958,22.663559675216675
data/seame,LSTM,500,64,2,0.1,5,40,0.2,4,True,5,results/include_speaker/0-4.pt,results/include_speaker/summary.txt,0,4,False,11,0.17459687332694346,0.30952683091163635,0.9388975414395372,0.9759871339840284,0.908898414501885,0.9412488300574943,22.630665063858032
data/seame,LSTM,500,64,2,0.1,5,40,0.2,4,True,5,results/include_speaker/0-4.pt,results/include_speaker/summary.txt,0,4,False,12,0.17059311070121252,0.3164028227329254,0.9405140691143513,0.9667381974248928,0.9217391304347826,0.9437025399319194,22.62962555885315
data/seame,LSTM,500,64,2,0.1,5,40,0.2,4,True,5,results/include_speaker/0-4.pt,results/include_speaker/summary.txt,0,4,False,13,0.17041743928805375,0.3043612539768219,0.9419675241336979,0.9820856966361543,0.9085147280378202,0.9438687392055267,22.622851610183716
data/seame,LSTM,500,64,2,0.1,5,40,0.2,4,True,5,results/include_speaker/0-4.pt,results/include_speaker/summary.txt,0,4,False,14,0.17176472682219285,0.3100445866584778,0.9420551406280367,0.9730422919508868,0.9179880560131796,0.9447137672521128,22.65427803993225
data/seame,LSTM,500,64,2,0.1,5,40,0.2,4,True,5,results/include_speaker/0-4.pt,results/include_speaker/summary.txt,0,4,False,15,0.17398314197094011,0.3161880671977997,0.9384196033710678,0.9761190714206376,0.9078512396694215,0.9407482738318257,22.653053998947144
data/seame,LSTM,500,64,2,0.1,5,40,0.2,4,True,5,results/include_speaker/0-4.pt,results/include_speaker/summary.txt,0,4,False,16,0.1718712979211257,0.33280035853385925,0.9420029316591532,0.9661595943421404,0.9252197914536905,0.9452466121830857,22.57851791381836
data/seame,LSTM,500,64,2,0.1,5,40,0.2,4,True,5,results/include_speaker/0-4.pt,results/include_speaker/summary.txt,0,4,False,17,0.17166563152120665,0.3064730167388916,0.9426360873169384,0.9646247679660568,0.9281012399857121,0.9460106106314367,22.592000484466553
data/seame,LSTM,500,64,2,0.1,5,40,0.2,4,True,5,results/include_speaker/0-4.pt,results/include_speaker/summary.txt,0,4,False,18,0.17062538270002756,0.3133470416069031,0.9389570213236107,0.963705164419336,0.9220335525980318,0.9424089227080836,22.652220726013184
data/seame,LSTM,500,64,2,0.1,5,40,0.2,4,True,5,results/include_speaker/0-4.pt,results/include_speaker/summary.txt,0,4,False,19,0.17024591717964563,0.31533125042915344,0.9387535816618912,0.9593713865237044,0.9264071461198802,0.9426011515918303,22.598545789718628
data/seame,LSTM,500,64,2,0.1,5,40,0.2,4,True,5,results/include_speaker/0-4.pt,results/include_speaker/summary.txt,0,4,False,20,0.1708204312584339,0.30708545446395874,0.9417435386021773,0.9689571544058205,0.9217163949553984,0.9447465909986601,22.637364864349365
data/seame,LSTM,500,64,2,0.1,5,40,0.2,4,True,5,results/include_speaker/0-4.pt,results/include_speaker/summary.txt,0,4,False,21,0.17100243461437714,0.3205934464931488,0.9401749626266541,0.96773672304212,0.9200163858876542,0.9432733954587217,22.595999479293823
data/seame,LSTM,500,64,2,0.1,5,40,0.2,4,True,5,results/include_speaker/0-4.pt,results/include_speaker/summary.txt,0,4,False,22,0.16692132407274002,0.32247504591941833,0.9418890207223862,0.9621667193592581,0.92935667752443,0.9454771397504272,22.660956382751465
data/seame,LSTM,500,64,2,0.1,5,40,0.2,4,True,5,results/include_speaker/0-4.pt,results/include_speaker/summary.txt,0,4,False,23,0.17030516343239027,0.3252931535243988,0.9399161749296862,0.9608535300316122,0.9270065572103898,0.9436266266525237,22.702897548675537
data/seame,LSTM,500,64,2,0.1,5,40,0.2,4,True,5,results/include_speaker/0-4.pt,results/include_speaker/summary.txt,0,4,False,24,0.16879301575513986,0.323458731174469,0.9416325174437922,0.9681199935487339,0.9223992214311325,0.9447067464064631,22.662245512008667
data/seame,LSTM,500,64,2,0.1,5,40,0.2,4,True,5,results/include_speaker/0-4.pt,results/include_speaker/summary.txt,0,4,False,25,0.16727760491462854,0.3094766139984131,0.9414951245937161,0.9740217033870437,0.9158936301793444,0.9440637450199204,22.662598133087158
data/seame,LSTM,500,64,2,0.1,5,40,0.2,4,True,5,results/include_speaker/0-4.pt,results/include_speaker/summary.txt,0,4,False,26,0.16661828393355393,0.3141592741012573,0.9416329471758772,0.9697854170044863,0.9206218892708707,0.9445643590418531,22.621922731399536
data/seame,LSTM,500,64,2,0.1,5,40,0.2,4,True,5,results/include_speaker/0-4.pt,results/include_speaker/summary.txt,0,4,False,27,0.16707893757101816,0.3106309473514557,0.9412527951853794,0.9629668818114485,0.9272542027508915,0.9447731755424063,22.675411701202393
data/seame,LSTM,500,64,2,0.1,5,40,0.2,4,True,5,results/include_speaker/0-4.pt,results/include_speaker/summary.txt,0,4,False,28,0.16554163491878754,0.30625149607658386,0.9416315439219166,0.9706743278404163,0.9196754147193261,0.944486932672275,22.595648050308228
data/seame,LSTM,500,64,2,0.1,5,40,0.2,4,True,5,results/include_speaker/0-4.pt,results/include_speaker/summary.txt,0,4,False,29,0.1661210192892796,0.31164485216140747,0.9421946077887496,0.9713014701893343,0.920088390975898,0.9450015834476935,22.621978998184204
data/seame,LSTM,500,64,2,0.1,5,40,0.2,4,True,5,results/include_speaker/0-4.pt,results/include_speaker/summary.txt,0,4,False,30,0.16580709089071322,0.31896936893463135,0.940843436714629,0.9635997028547172,0.9257748776508973,0.9443086682959806,22.650606155395508
data/seame,LSTM,500,64,2,0.1,5,40,0.2,4,True,5,results/include_speaker/0-4.pt,results/include_speaker/summary.txt,0,4,False,31,0.16740609132326567,0.3206191956996918,0.9402894387980557,0.9636083514848856,0.924700484323222,0.9437535771892399,22.671083688735962
data/seame,LSTM,500,64,2,0.1,5,40,0.2,4,True,5,results/include_speaker/0-4.pt,results/include_speaker/summary.txt,0,4,False,32,0.169831595932826,0.3084508776664734,0.9423997772828507,0.978007976955462,0.9134889015367103,0.944648064421199,22.680062770843506
data/seame,LSTM,500,64,2,0.1,5,40,0.2,4,True,5,results/include_speaker/0-4.pt,results/include_speaker/summary.txt,0,4,False,33,0.16888600005171236,0.3069089949131012,0.9401640258870788,0.9817004504504504,0.9054790963386133,0.9420505200594353,22.662696838378906
data/seame,LSTM,500,64,2,0.1,5,40,0.2,4,True,5,results/include_speaker/0-4.pt,results/include_speaker/summary.txt,0,4,False,34,0.16662693119201905,0.3129163980484009,0.9406908357953447,0.9632103477523325,0.9259070525886669,0.9441903970068594,22.788476943969727
data/seame,LSTM,500,64,2,0.1,5,40,0.2,4,True,5,results/include_speaker/0-4.pt,results/include_speaker/summary.txt,0,4,False,35,0.16666022430245692,0.32889437675476074,0.9386931596816386,0.9771158129175946,0.9073470865001809,0.9409399211817377,22.637866497039795
data/seame,LSTM,500,64,2,0.1,5,40,0.2,4,True,5,results/include_speaker/0-4.pt,results/include_speaker/summary.txt,0,4,False,36,0.16947311459061426,0.32546061277389526,0.940239593684443,0.9626588983050848,0.9256429844665138,0.9437881344930547,22.627967357635498
data/seame,LSTM,500,64,2,0.1,5,40,0.2,4,True,5,results/include_speaker/0-4.pt,results/include_speaker/summary.txt,0,4,False,37,0.16917481235204598,0.334585577249527,0.9401071882424443,0.9640709000904881,0.9238459576638612,0.9435299020629297,22.61859369277954
data/seame,LSTM,500,64,2,0.1,5,40,0.2,4,True,5,results/include_speaker/0-4.pt,results/include_speaker/summary.txt,0,4,False,38,0.17421764001632348,0.3393952250480652,0.9402493074792244,0.9688175529615218,0.9190034346644794,0.9432532687906132,22.680848121643066
data/seame,LSTM,500,64,2,0.1,5,40,0.2,4,True,5,results/include_speaker/0-4.pt,results/include_speaker/summary.txt,0,4,False,39,0.17076987754075956,0.33250871300697327,0.9402481828482989,0.9647962449327928,0.9233282286881062,0.9436068652511869,22.63493800163269
data/seame,LSTM,500,64,2,0.1,5,40,0.2,4,True,5,results/include_speaker/0-4.pt,results/include_speaker/summary.txt,0,4,False,40,0.16949923451130205,0.3268497586250305,0.9414228262376925,0.9711089388508743,0.9188161545575995,0.9442390959974655,22.633227109909058
